a
/Users/darty/Documents/ENSMM/semestre vert systèmes/Informatique/TP_TileMapping/images/tileset_underground_32x32.png
40 60 32 32
36 37 90 91 90 91 90 91 90 91 90 91 90 91 90 91 90 91 90 91 90 91 90 91 90 91 90 91 90 91 90 91 90 91 90 91 90 91 90 91 
54 55 108 109 108 109 108 109 108 109 108 109 108 109 108 109 108 109 108 109 108 109 108 109 108 109 108 109 108 109 108 109 108 109 108 109 108 109 108 109 
129 130 131 129 130 131 129 130 131 129 130 131 129 130 131 129 130 131 129 130 131 129 130 131 129 130 131 129 130 131 129 130 131 129 130 100 97 97 97 97 
97 97 97 97 97 97 97 97 97 97 97 97 97 97 97 97 97 97 97 97 97 97 97 97 97 97 97 97 97 97 97 97 97 97 97 97 97 97 219 219 
98 98 99 98 98 98 98 98 98 98 99 98 98 98 98 98 98 98 98 98 98 99 98 98 98 98 98 98 98 98 98 98 98 98 98 98 99 99 219 219 
98 98 219 219 219 219 219 219 219 219 99 219 219 219 219 219 219 219 219 219 219 219 219 99 99 219 219 219 219 219 219 219 219 219 219 97 98 219 219 219 
219 98 99 98 98 93 94 95 96 98 99 98 98 98 98 93 94 98 98 98 98 99 99 98 98 98 98 98 98 98 95 96 98 155 155 155 155 155 219 219 
116 116 116 116 116 111 112 113 114 116 116 116 116 116 116 111 112 116 116 115 115 116 116 116 116 116 116 116 116 116 113 114 118 155 168 168 168 168 219 219 
219 219 219 219 219 219 219 219 219 219 219 219 219 219 219 219 219 219 219 133 133 219 219 219 219 219 219 219 219 219 219 219 219 219 219 219 219 219 219 219 
219 98 98 98 103 98 98 98 219 98 98 98 98 98 98 98 98 98 219 133 133 219 98 98 98 98 98 98 98 98 98 219 98 98 98 103 98 98 98 219 
219 98 98 98 98 98 98 155 155 155 98 98 98 98 98 98 98 98 219 133 133 219 98 98 98 98 98 98 98 98 155 155 155 98 98 98 98 98 98 219 
219 98 98 219 219 219 219 155 168 155 219 219 98 98 219 219 98 98 219 133 133 219 98 98 219 219 98 98 219 219 155 168 155 219 219 219 219 98 98 219 
219 219 99 98 98 219 219 219 219 219 219 219 219 219 219 219 219 98 219 133 133 219 98 219 219 219 219 219 219 219 219 219 219 219 219 98 98 98 219 219 
219 219 99 99 100 219 219 219 219 219 98 98 98 103 98 98 98 98 219 133 133 219 98 98 98 98 103 98 98 98 219 219 219 219 219 100 100 99 219 219 
219 219 219 98 98 219 219 219 219 219 98 98 98 98 98 98 98 98 219 133 133 219 98 98 98 99 98 98 98 98 219 219 219 219 219 98 98 219 219 219 
219 219 219 98 219 219 219 219 219 219 98 98 219 219 219 219 219 219 219 133 133 219 219 219 219 219 219 219 98 98 219 219 219 219 219 219 98 219 219 219 
219 219 219 98 98 98 219 219 219 219 219 98 98 155 155 155 98 98 219 133 133 219 98 98 155 155 155 98 98 219 219 219 219 219 98 98 98 219 219 219 
219 219 219 219 98 98 103 98 219 219 219 219 98 155 168 155 98 98 98 133 133 98 98 98 155 168 155 98 219 219 219 219 98 103 98 98 219 219 219 219 
219 219 219 219 98 98 98 98 98 98 219 219 219 219 219 219 219 98 97 133 133 97 98 219 219 219 219 219 219 219 98 98 98 98 98 98 219 219 219 219 
219 219 219 219 219 98 98 98 98 98 98 219 219 98 98 98 219 219 219 187 187 219 219 219 98 98 98 219 219 98 98 98 98 98 98 219 219 219 219 219 
219 219 219 219 219 219 219 219 219 98 98 98 219 98 98 98 98 98 219 219 219 219 98 98 98 98 98 219 98 98 98 219 219 219 219 219 219 219 219 219 
219 219 219 219 219 219 219 219 219 219 98 98 98 98 219 99 98 98 98 103 103 98 98 98 99 219 98 98 98 98 219 219 219 219 219 219 219 219 219 219 
219 219 219 219 219 219 219 219 219 219 219 98 98 98 219 219 98 98 100 98 98 100 98 98 219 219 98 98 98 219 219 219 219 219 219 219 219 219 219 219 
219 219 219 219 97 97 103 98 98 98 219 219 98 98 219 219 219 219 219 98 98 219 219 219 219 219 98 98 219 219 98 98 98 103 98 98 219 219 219 219 
219 219 219 98 98 98 98 98 98 98 98 219 219 219 219 98 98 98 98 98 98 98 98 98 98 219 219 219 219 98 98 98 98 98 98 98 98 219 219 219 
219 219 98 98 98 219 219 219 219 98 98 219 219 219 103 98 98 98 98 219 219 98 98 98 98 103 219 219 219 98 98 219 219 219 219 98 98 99 219 219 
219 219 98 98 98 219 219 219 219 98 98 155 155 155 98 98 98 98 219 219 219 219 98 98 98 98 155 155 155 98 98 219 219 219 219 98 98 99 219 219 
219 219 98 98 219 219 219 219 219 219 98 155 168 155 98 219 219 219 219 219 219 219 219 219 219 98 155 168 155 98 219 219 219 219 219 219 98 99 219 219 
219 219 98 98 98 98 219 219 219 219 219 219 219 219 219 219 219 219 219 219 219 219 219 219 219 219 219 219 219 219 219 219 219 219 98 98 98 99 219 219 
219 219 219 98 98 98 98 103 219 219 219 219 219 219 219 219 219 219 219 219 219 219 219 219 219 219 219 219 219 219 219 219 103 98 98 98 98 219 219 219 
219 219 219 219 98 98 98 98 103 219 219 219 219 219 219 219 219 219 219 219 219 219 219 219 219 219 219 219 219 219 219 103 98 98 98 98 219 219 219 219 
219 219 219 219 219 219 98 98 98 98 98 98 98 98 219 98 98 98 98 98 103 98 98 98 98 98 219 98 98 98 98 98 98 98 219 219 219 219 219 219 
219 219 219 219 219 219 219 98 155 155 155 98 98 98 98 98 98 98 98 116 115 116 98 98 98 98 98 98 98 98 155 155 155 219 219 219 219 219 219 219 
219 219 219 219 219 219 219 219 155 168 155 219 219 100 100 100 219 219 219 134 133 134 219 219 219 100 100 100 219 219 155 168 155 219 219 219 219 219 219 219 
219 219 219 219 219 219 219 219 219 219 219 219 219 219 219 219 219 219 219 219 133 219 219 219 219 219 219 219 219 219 219 219 219 219 219 219 219 219 219 219 
98 98 98 98 98 98 98 98 98 98 98 98 98 98 98 98 98 98 98 98 133 98 98 98 98 98 98 98 98 98 98 98 98 98 98 98 98 98 98 98 
98 99 1 1 1 1 98 1 1 98 98 1 98 98 1 1 1 1 98 98 133 98 98 98 1 1 98 1 1 98 98 1 1 98 1 1 98 98 98 98 
98 99 1 98 98 98 99 1 1 1 98 1 98 98 1 98 98 98 98 98 133 98 98 98 1 1 1 1 1 98 98 1 1 1 1 1 98 98 98 98 
98 98 1 1 98 98 98 1 98 1 1 1 98 98 1 1 1 1 98 98 133 100 98 98 1 98 1 98 1 98 98 1 98 1 98 1 98 98 98 98 
98 98 1 98 98 98 98 1 98 98 1 1 98 98 98 98 98 1 98 98 133 98 98 98 1 98 98 98 1 98 98 1 98 98 98 1 98 98 98 98 
98 98 1 1 1 1 98 1 98 98 98 1 98 98 1 1 1 1 98 84 86 87 98 98 1 98 98 98 1 98 98 1 98 98 98 1 98 98 98 98 
116 116 116 116 116 116 115 116 116 116 116 116 116 116 115 116 116 116 116 116 116 116 116 116 115 116 116 116 116 116 116 116 116 116 115 116 116 116 116 116 
98 98 98 98 98 134 133 134 98 98 98 98 98 134 133 134 98 98 98 98 98 98 98 134 133 134 99 98 98 98 98 98 98 134 133 134 99 98 99 98 
99 98 98 100 98 98 133 98 98 98 98 98 98 98 133 98 98 98 98 98 98 98 98 98 133 97 98 98 98 98 98 98 98 98 133 100 100 100 98 196 
99 100 98 98 98 84 86 87 98 98 98 98 98 98 133 98 98 98 98 98 98 98 98 84 86 87 98 98 98 98 98 98 98 98 133 97 97 98 98 214 
219 162 163 98 98 98 98 98 98 98 98 98 97 98 133 98 98 98 98 98 98 98 98 98 98 98 98 98 97 98 98 98 98 84 86 87 98 98 100 214 
219 219 219 163 98 98 98 98 98 98 98 84 87 99 133 98 98 98 98 98 116 115 116 98 98 98 98 84 86 87 98 98 98 98 98 98 98 98 186 219 
219 219 219 219 182 98 116 115 116 98 98 99 99 99 84 87 98 98 98 98 134 133 134 98 97 97 98 97 97 97 97 97 97 97 98 98 98 144 204 219 
219 219 219 219 98 98 134 133 134 98 97 99 99 99 98 98 98 84 87 98 98 133 98 98 84 87 97 97 97 97 97 97 97 97 98 98 186 162 219 219 
219 219 219 99 100 98 98 133 100 98 84 87 99 99 98 98 98 98 98 98 98 133 98 98 98 98 84 87 97 97 97 98 98 116 115 116 204 219 219 219 
219 219 99 99 100 100 100 133 100 98 98 99 84 87 98 98 98 98 98 98 98 133 98 98 98 98 98 98 84 86 87 98 99 134 133 134 98 219 219 219 
99 99 99 99 100 100 98 133 98 98 98 99 99 99 98 98 98 97 98 98 98 133 98 98 98 98 98 98 98 98 98 98 98 98 133 98 98 98 219 219 
99 99 99 98 98 84 86 87 99 99 99 99 99 99 98 98 84 86 87 98 84 87 98 98 98 98 98 98 98 99 99 99 98 98 133 98 98 98 98 98 
99 84 87 99 98 99 99 99 99 99 98 99 116 115 116 98 98 98 98 98 98 98 98 84 87 116 115 116 98 84 86 87 98 98 133 98 98 98 98 98 
99 99 99 97 97 97 99 99 98 99 98 99 134 133 134 98 98 98 98 98 98 98 98 98 98 134 133 134 98 98 98 98 98 98 133 98 98 98 98 98 
144 99 99 99 84 87 98 99 99 99 99 99 99 133 99 98 98 98 98 98 98 98 98 98 98 98 133 98 98 98 98 98 98 84 86 87 98 98 101 168 
162 163 99 99 99 99 98 98 99 99 99 99 99 133 99 98 98 98 98 98 98 98 98 98 98 98 133 98 98 98 98 98 98 98 98 98 98 98 186 187 
180 200 163 99 99 98 99 98 98 99 99 99 123 133 98 98 98 98 98 98 98 98 98 98 98 186 162 182 98 98 98 98 98 98 98 98 98 186 188 189 
198 218 200 163 98 99 99 99 99 99 99 99 99 133 99 99 99 99 99 99 99 99 99 99 186 188 189 181 182 99 99 99 99 99 99 99 186 188 206 198 
225 225 218 200 187 187 187 187 187 187 187 187 187 187 187 187 187 187 187 187 187 187 187 187 188 206 198 199 181 187 187 187 187 187 187 187 188 206 198 216 
