Mine_Royale
/Users/darty/Documents/ENSMM/semestre vert systèmes/Informatique/TP_TileMapping/images/tileset_underground_32x32.png
42 165 32 32
219 219 219 219 219 219 219 219 219 219 219 219 219 219 219 219 219 219 219 219 219 219 219 219 219 219 219 219 219 219 219 219 219 219 219 219 219 219 219 219 219 219 
219 219 219 219 219 219 219 219 219 219 219 219 219 219 219 219 219 219 219 219 219 219 219 219 219 219 219 219 219 219 219 219 219 219 219 219 219 219 219 219 219 219 
219 219 219 219 219 219 219 219 219 219 219 219 219 219 219 219 219 219 219 219 219 219 219 219 219 219 219 219 219 219 219 219 219 219 219 219 219 219 219 219 219 219 
219 219 219 219 219 219 219 219 219 219 219 219 219 219 219 219 219 219 219 219 219 219 219 219 219 219 219 219 219 219 219 219 219 219 219 219 219 219 219 219 219 219 
219 219 219 219 219 219 219 219 219 219 219 219 219 219 219 219 219 219 219 219 219 219 219 219 219 219 219 219 219 219 219 219 219 219 219 219 219 219 219 219 219 219 
219 219 219 219 219 219 219 219 219 219 219 219 219 219 219 219 219 219 219 219 219 219 219 219 219 219 219 219 219 219 219 219 219 219 219 219 219 219 219 219 219 219 
219 219 219 219 219 219 219 219 219 219 219 219 219 219 219 219 219 219 219 219 219 219 219 219 219 219 219 219 219 219 219 219 219 219 219 219 219 219 219 219 219 219 
219 219 219 219 219 219 219 219 219 219 219 219 219 219 219 219 219 219 219 219 219 219 219 219 219 219 219 219 219 219 219 219 219 219 219 219 219 219 219 219 219 219 
219 219 219 219 219 219 219 219 219 219 219 219 219 219 219 219 219 219 219 219 219 219 219 219 219 219 219 219 219 219 219 219 219 219 219 219 219 219 219 219 219 219 
219 103 103 103 103 103 103 103 103 103 103 103 103 103 103 103 103 103 103 103 103 103 103 103 103 103 103 103 103 103 103 103 103 103 103 103 103 103 103 103 103 219 
219 216 216 216 216 216 216 216 216 216 216 216 216 216 216 216 216 216 216 216 216 216 216 216 216 216 216 216 216 216 216 216 216 216 216 216 216 216 216 216 216 219 
219 216 216 216 216 216 216 216 216 216 216 216 216 216 216 216 216 216 216 216 216 216 216 216 216 216 216 216 216 216 216 216 216 216 216 216 216 216 216 216 216 219 
219 216 216 220 220 220 220 220 216 220 216 216 220 216 220 220 220 220 216 216 216 216 220 220 220 220 216 220 220 216 216 220 216 220 220 220 216 216 220 216 216 219 
219 216 216 0 0 0 0 0 216 0 216 216 0 216 0 0 0 0 216 216 216 216 0 0 0 0 216 0 0 220 216 0 216 0 0 0 220 216 0 216 216 219 
219 216 216 216 216 0 216 216 216 0 216 216 0 216 0 216 216 216 216 216 216 216 0 216 216 216 216 0 0 0 220 0 216 0 216 216 0 216 0 216 216 219 
219 216 216 216 216 0 216 216 216 0 0 0 0 216 0 0 0 216 216 216 216 216 0 0 0 216 216 0 216 0 0 0 216 0 216 216 0 216 0 216 216 219 
219 216 216 216 216 0 216 216 216 0 216 216 0 216 0 216 216 216 216 216 216 216 0 216 216 216 216 0 216 216 0 0 216 0 216 216 0 216 216 216 216 219 
219 216 216 216 216 0 216 216 216 0 216 216 0 216 0 0 0 0 216 216 216 216 0 0 0 0 216 0 216 216 216 0 216 0 0 0 216 216 0 216 216 219 
219 216 216 216 216 216 216 216 216 216 216 216 216 216 216 216 216 216 216 216 216 216 216 216 216 216 216 216 216 216 216 216 216 216 216 216 216 216 216 216 216 219 
219 216 216 216 216 216 216 216 216 216 216 216 216 216 216 216 216 216 216 216 216 216 216 216 216 216 216 216 216 216 216 216 216 216 216 216 216 216 216 216 216 219 
219 216 216 216 216 216 216 216 216 216 216 216 216 216 216 216 216 216 216 216 216 216 216 216 216 216 216 216 216 216 216 216 216 216 216 216 216 216 216 216 216 219 
219 36 37 216 216 216 216 216 216 216 216 216 216 216 216 216 216 216 216 216 216 216 216 216 216 216 216 216 216 216 216 216 216 216 216 216 216 216 216 36 37 219 
219 54 55 230 230 230 230 230 230 230 230 230 230 230 230 230 230 230 230 230 115 230 230 230 230 230 230 230 230 230 230 230 230 230 230 230 230 230 230 54 55 219 
219 219 219 219 219 219 219 219 219 219 219 219 219 219 219 219 219 219 219 219 133 219 219 219 219 219 219 219 219 219 219 219 219 219 219 219 219 219 219 219 219 219 
219 219 219 219 219 219 219 219 219 219 219 219 219 219 219 219 219 219 219 219 133 98 219 219 219 219 219 219 219 219 219 219 219 219 219 219 219 219 219 219 219 219 
219 219 219 219 219 219 219 219 219 219 219 219 219 219 219 219 219 219 219 219 133 115 219 219 219 219 219 219 219 219 219 219 219 219 219 219 219 219 219 219 219 219 
219 219 219 219 219 219 219 219 219 219 219 219 219 98 98 98 98 98 98 98 134 133 99 98 98 98 98 98 98 219 219 219 219 219 219 219 219 219 219 219 219 219 
219 219 219 219 219 219 219 219 219 219 219 219 219 98 98 98 98 98 98 98 98 133 98 98 98 98 98 98 98 219 219 219 219 219 219 219 219 219 219 219 219 219 
219 219 219 219 219 219 219 219 219 219 98 98 98 98 98 98 98 98 98 98 98 133 98 98 98 98 98 98 98 98 98 98 219 219 219 219 219 219 219 219 219 219 
219 219 219 219 219 219 219 219 219 219 98 98 98 98 98 110 98 98 98 98 98 133 98 98 98 98 98 98 98 98 90 91 219 219 219 219 219 219 219 219 219 219 
219 219 219 219 219 219 219 98 98 98 98 98 98 98 84 86 87 98 98 98 84 87 98 98 98 84 86 87 98 98 108 109 98 98 98 219 219 219 219 219 219 219 
219 219 219 219 219 219 219 98 90 91 98 98 98 98 98 98 98 98 98 98 98 98 98 98 98 98 98 98 98 98 98 98 98 98 98 219 219 219 219 219 219 219 
219 219 219 219 98 98 98 98 108 109 98 98 98 98 98 90 91 98 98 98 98 98 98 90 91 98 98 98 98 98 98 98 98 98 98 98 98 98 219 219 219 219 
219 98 98 98 98 98 98 98 98 98 98 86 98 98 98 108 109 98 98 98 98 98 98 108 109 98 98 98 98 98 86 98 98 98 98 98 98 98 98 98 98 219 
219 90 91 98 98 98 98 98 110 98 98 98 98 98 98 98 98 98 98 98 98 98 98 98 98 98 98 110 98 98 98 98 98 98 98 98 98 98 98 90 91 219 
219 108 109 98 98 98 98 98 84 87 98 98 98 98 84 87 98 84 87 98 98 98 98 84 87 98 84 87 98 98 98 98 84 87 98 98 98 98 98 108 109 219 
219 98 98 98 98 98 98 98 98 98 98 98 98 98 98 98 98 98 98 98 98 98 98 98 98 98 98 98 98 98 98 98 98 98 98 98 98 98 98 98 98 219 
219 144 98 98 84 87 98 98 90 91 98 98 144 98 98 98 98 98 98 98 110 98 98 90 91 98 98 98 98 144 98 98 98 98 98 98 84 87 98 98 98 219 
219 87 98 98 98 98 98 98 108 109 98 84 87 98 98 98 98 98 98 98 84 87 98 108 109 98 98 98 98 84 87 98 98 90 91 98 98 98 98 98 84 219 
219 98 98 98 98 98 98 98 98 98 98 98 98 98 98 98 98 98 98 98 98 98 98 98 98 98 98 98 98 98 98 98 98 108 109 98 98 98 98 98 98 219 
219 99 99 99 99 99 99 84 87 99 99 99 99 99 99 84 86 87 99 90 91 99 99 98 84 86 87 99 99 99 99 99 98 84 87 99 99 99 99 99 99 219 
219 99 84 87 99 99 99 99 99 99 99 99 99 99 99 99 99 99 99 108 109 99 99 99 99 99 99 99 99 99 99 99 99 99 99 99 99 99 84 87 99 219 
219 99 99 99 99 99 99 99 99 99 99 99 110 99 99 99 99 99 99 99 99 144 99 99 99 99 99 99 99 99 110 99 99 99 99 99 99 99 99 99 99 219 
219 99 99 98 98 98 99 99 90 91 99 84 86 87 99 99 99 99 99 84 86 87 99 99 99 99 99 99 84 86 87 99 99 90 91 99 99 99 99 99 99 219 
219 99 99 84 86 87 99 99 108 109 99 99 99 99 99 99 99 99 99 99 99 99 99 99 99 99 99 99 98 98 99 99 99 108 109 98 84 86 87 99 99 219 
219 90 91 99 99 99 99 99 99 144 99 99 99 99 99 99 99 99 99 99 90 91 99 99 99 99 99 99 99 99 99 99 99 99 99 99 99 99 99 90 91 219 
219 108 109 99 99 99 99 99 84 86 87 99 99 99 99 84 86 87 99 99 108 109 99 99 84 86 87 99 99 99 99 84 86 87 99 99 99 99 99 108 109 219 
219 99 99 98 99 99 99 98 99 99 99 99 99 99 99 99 99 99 99 98 99 99 99 99 99 99 99 99 99 99 99 99 99 99 99 99 99 99 99 99 99 219 
219 99 99 98 110 98 98 98 98 99 98 98 84 87 98 99 99 98 98 98 84 87 98 98 98 98 99 98 84 87 98 98 98 98 98 98 98 144 99 99 99 219 
219 93 94 99 84 86 87 93 94 99 99 99 99 95 96 99 99 99 99 99 99 99 99 99 93 94 99 99 99 95 96 99 99 98 99 84 86 87 98 99 144 219 
219 111 112 117 117 117 117 111 112 117 117 117 117 113 114 117 117 117 117 117 115 115 117 117 111 112 117 117 117 113 114 117 118 99 99 99 99 99 99 144 144 219 
219 219 219 219 219 219 219 219 219 219 219 219 219 219 219 219 219 219 219 219 133 133 219 219 219 219 219 219 219 219 219 219 219 219 219 219 219 219 219 219 219 219 
219 219 219 219 219 219 219 219 219 219 99 103 99 219 219 99 103 99 219 219 133 133 219 219 99 103 99 219 219 99 103 99 219 219 219 219 219 219 219 219 219 219 
219 219 219 219 219 219 219 219 219 99 99 99 99 99 99 99 99 99 99 219 133 133 219 99 99 99 99 99 99 99 99 99 99 219 219 219 219 219 219 219 219 219 
219 219 99 103 99 99 99 99 99 99 99 99 155 155 155 99 99 99 99 219 133 133 219 99 99 99 99 155 155 155 99 99 99 99 99 99 99 99 103 99 219 219 
219 219 99 99 99 99 99 99 99 99 99 219 219 168 155 219 219 99 99 219 133 133 219 99 99 219 219 155 168 219 219 99 99 99 99 99 99 99 99 99 219 219 
219 219 99 99 99 99 99 99 155 155 155 219 219 219 219 219 219 219 98 219 133 133 219 99 219 219 219 219 219 219 219 155 155 155 99 99 99 99 99 99 219 219 
219 219 99 99 219 219 219 219 155 168 219 219 98 98 99 98 98 99 99 219 133 133 219 99 99 99 99 99 99 99 219 219 168 155 219 219 219 219 99 99 219 219 
219 219 99 99 99 103 219 219 219 219 219 103 99 98 98 98 98 98 99 219 133 133 219 99 99 99 99 99 99 99 103 219 219 219 219 219 103 99 99 99 219 219 
219 219 219 99 99 99 219 219 219 219 219 99 99 99 99 99 99 99 99 219 133 133 219 99 99 99 99 99 99 99 99 219 219 219 219 219 99 99 99 219 219 219 
219 219 219 99 99 99 219 219 219 219 219 99 99 219 219 219 219 219 219 219 133 133 219 219 219 219 219 219 219 99 99 219 219 219 219 219 99 99 99 219 219 219 
219 219 219 219 99 219 219 219 219 219 219 155 155 155 99 99 99 99 103 219 133 133 219 103 99 99 99 99 155 155 155 219 219 219 219 219 219 99 219 219 219 219 
219 219 219 219 155 155 99 219 219 219 219 219 168 155 155 99 99 99 99 98 133 133 98 99 99 99 99 155 155 168 219 219 219 219 219 99 155 155 219 219 219 219 
219 219 219 219 168 155 99 99 103 219 219 219 219 168 155 99 99 99 99 99 133 133 99 99 99 99 99 155 168 219 219 219 219 103 99 99 155 168 219 219 219 219 
219 219 219 219 219 155 99 99 99 99 99 219 219 219 219 219 219 219 99 99 133 133 99 99 219 219 219 219 219 219 219 99 99 99 99 99 155 219 219 219 219 219 
219 219 219 219 219 155 155 155 99 99 99 103 219 219 103 99 99 219 219 219 162 162 219 219 219 99 99 103 219 219 103 99 99 99 155 155 155 219 219 219 219 219 
219 219 219 219 219 219 168 155 99 99 99 99 99 219 99 99 99 99 99 219 219 219 219 99 99 99 99 99 219 99 99 99 99 99 155 168 219 219 219 219 219 219 
219 219 219 219 219 219 219 219 219 219 99 99 99 99 99 99 99 99 99 99 103 103 99 99 99 99 99 99 99 99 99 99 219 219 219 219 219 219 219 219 219 219 
219 219 219 219 219 219 219 219 219 219 219 99 99 99 99 219 99 99 99 99 99 99 99 99 99 99 219 98 98 99 99 219 219 219 219 219 219 219 219 219 219 219 
219 219 219 219 219 219 219 219 219 219 219 219 99 155 155 219 219 99 99 116 115 115 116 99 99 219 219 155 155 98 219 219 219 219 219 219 219 219 219 219 219 219 
219 219 219 219 219 103 98 98 98 98 103 219 219 155 168 219 219 219 219 134 133 133 134 219 219 219 219 168 155 219 219 103 98 99 98 99 103 219 219 219 219 219 
219 219 219 219 98 98 98 98 98 98 98 98 219 219 219 219 98 98 98 98 133 133 98 98 98 98 219 219 219 219 98 98 98 98 98 98 98 98 98 219 219 219 
219 219 219 98 98 98 98 98 98 98 98 98 219 219 219 103 98 98 98 98 133 133 98 98 98 98 103 219 219 219 98 98 98 98 98 98 98 98 98 219 219 219 
219 219 219 98 98 98 219 219 219 219 155 155 98 98 98 98 98 98 98 98 219 219 98 98 98 98 98 98 98 98 155 155 219 219 219 219 98 98 98 219 219 219 
219 219 219 98 98 98 219 219 219 219 168 155 98 98 98 98 98 98 98 219 219 219 219 98 98 98 98 98 98 98 155 168 219 219 219 219 98 98 98 219 219 219 
219 219 219 98 98 219 219 219 219 219 219 155 98 98 98 98 219 219 219 219 219 219 219 219 219 219 98 98 98 98 155 219 219 219 219 219 219 98 98 219 219 219 
219 219 219 98 98 98 103 219 219 219 219 219 219 219 219 219 219 219 219 219 219 219 219 219 219 219 219 219 219 219 219 219 219 219 219 103 98 98 98 219 219 219 
219 219 219 98 98 98 98 98 98 219 219 219 219 219 219 219 219 219 219 219 219 219 219 219 219 219 219 219 219 219 219 219 219 98 98 98 98 98 98 219 219 219 
219 219 219 219 155 155 155 98 98 98 219 219 219 219 219 219 219 219 219 219 219 219 219 219 219 219 219 219 219 219 219 219 98 98 98 155 155 155 219 219 219 219 
219 219 219 219 219 168 155 98 98 98 98 98 98 98 103 219 103 98 98 98 98 98 98 98 98 98 103 219 103 98 98 98 98 98 98 155 168 219 219 219 219 219 
219 219 219 219 219 219 219 98 98 98 98 98 98 98 98 98 98 98 98 98 98 98 98 98 98 98 98 98 98 98 98 98 98 98 98 219 219 219 219 219 219 219 
219 219 219 219 219 219 219 219 98 98 98 98 98 155 155 155 98 98 98 98 116 115 116 98 98 98 98 155 155 155 98 98 98 98 219 219 219 219 219 219 219 219 
219 219 219 219 219 219 219 219 219 98 98 98 219 219 168 155 98 219 219 219 134 133 134 219 219 219 98 155 168 219 219 98 98 100 219 219 219 219 219 219 219 219 
219 219 219 219 219 219 219 219 219 219 219 219 219 219 219 219 219 219 219 219 219 133 219 219 219 219 219 219 219 219 219 219 219 219 219 219 219 219 219 219 219 219 
219 98 98 98 98 98 98 98 98 98 98 98 98 98 98 98 98 98 98 98 98 133 98 98 98 98 98 98 98 98 98 98 98 98 98 98 98 98 98 98 98 219 
219 98 98 0 0 0 0 98 0 0 98 98 0 98 98 0 0 0 0 98 98 133 98 98 98 0 0 98 0 0 98 98 0 0 98 0 0 98 98 98 98 219 
219 98 98 0 98 98 98 98 0 0 0 98 0 98 98 0 98 98 98 98 98 133 98 98 98 0 0 0 0 0 98 98 0 0 0 0 0 98 98 98 98 219 
219 98 98 0 0 0 98 98 0 98 0 0 0 98 98 0 0 0 0 98 98 133 98 98 98 0 98 0 98 0 98 98 0 98 0 98 0 98 98 98 98 219 
219 98 98 0 98 98 98 98 0 98 98 0 0 98 98 98 98 98 0 98 98 133 98 98 98 0 98 98 98 0 98 98 0 98 98 98 0 98 98 98 98 219 
219 93 94 0 0 0 0 98 0 98 98 98 0 93 94 0 0 0 0 98 84 86 87 98 98 0 98 93 94 0 98 98 0 98 93 94 0 98 98 93 94 219 
219 111 112 115 117 117 117 117 117 117 115 117 117 111 112 115 117 117 117 117 117 117 115 117 117 117 117 111 112 115 117 117 117 117 111 112 115 117 117 111 112 219 
219 135 135 133 135 135 135 135 135 135 133 135 135 135 135 133 135 135 135 135 135 135 133 135 135 135 135 135 135 133 135 135 135 135 135 135 133 135 135 135 135 219 
219 98 98 133 98 98 98 98 98 98 133 98 98 98 98 133 98 98 98 98 98 98 133 98 98 98 98 98 98 133 98 98 98 95 96 98 133 98 98 98 98 219 
219 98 98 133 98 95 96 98 98 98 133 98 98 98 98 133 116 115 98 98 98 98 133 98 95 96 98 115 116 133 116 115 116 113 114 116 133 98 98 98 98 219 
219 98 115 133 116 113 114 116 115 116 133 134 134 134 134 134 134 133 98 98 115 116 133 116 113 114 116 133 134 134 134 133 134 134 134 134 133 116 115 98 98 219 
219 98 133 134 134 134 134 134 133 134 134 98 98 98 98 98 98 133 98 98 133 134 134 134 134 134 134 133 98 98 98 133 98 98 98 98 134 134 133 98 98 219 
219 98 133 98 98 98 98 98 133 98 98 98 98 98 115 116 116 133 116 116 133 98 98 98 98 98 98 133 98 98 98 133 116 115 98 98 98 98 133 98 98 219 
219 98 133 98 98 98 98 98 133 98 98 98 98 98 133 134 134 134 134 134 133 98 98 98 115 116 116 133 98 98 98 134 134 133 98 98 98 98 133 98 98 219 
219 98 133 116 116 115 98 98 133 98 98 98 98 98 133 98 98 98 98 98 133 98 98 98 133 134 134 134 98 98 98 98 98 133 98 98 98 98 133 98 98 219 
219 98 134 134 134 133 98 98 133 95 96 98 98 98 133 98 98 98 98 115 133 98 98 98 133 98 98 95 96 98 98 98 98 133 98 98 115 116 133 98 98 219 
219 98 98 98 98 133 116 116 133 113 114 115 116 116 133 115 116 116 116 133 134 98 98 98 133 116 116 113 114 116 115 116 116 133 116 116 133 134 134 98 98 219 
219 98 98 98 98 133 134 134 134 134 134 133 134 134 134 133 134 134 134 133 98 98 98 98 133 134 134 134 134 134 133 134 134 134 134 134 133 98 98 98 98 219 
219 98 98 115 116 133 98 98 98 98 98 133 98 98 98 133 98 98 98 133 98 98 98 98 133 98 98 98 98 98 133 98 98 98 98 98 133 98 98 98 98 219 
219 98 98 133 134 134 98 98 98 98 115 133 98 98 98 133 115 98 98 133 116 115 116 116 133 116 116 115 98 98 133 98 98 98 98 98 133 116 115 98 98 219 
219 98 98 133 98 98 98 98 98 98 133 134 98 98 98 134 133 98 98 134 134 133 134 134 134 134 134 133 98 98 133 116 115 98 98 98 134 134 133 98 98 219 
219 98 98 133 98 95 96 98 98 98 133 98 98 98 98 98 133 98 98 98 98 133 98 98 98 98 98 133 98 98 134 134 133 98 98 98 98 98 133 98 98 219 
219 116 116 133 116 113 114 115 116 116 133 116 116 116 116 115 133 116 116 116 116 133 116 116 116 115 116 133 116 116 116 116 133 116 116 115 116 116 133 116 116 219 
219 134 134 134 134 134 134 133 134 134 134 134 134 134 134 133 134 134 134 134 134 134 134 134 134 133 134 134 134 134 134 134 134 134 134 133 134 134 134 134 134 219 
219 98 98 98 98 98 98 133 98 98 98 98 98 98 98 133 98 98 98 98 98 98 98 98 98 133 98 98 98 98 98 98 98 98 98 133 98 98 98 98 186 219 
219 110 98 98 98 98 84 86 87 98 98 98 98 98 98 133 98 98 98 98 98 98 98 98 84 86 87 98 98 98 98 98 98 98 98 133 98 98 98 98 204 219 
219 201 201 182 98 98 98 98 98 98 98 98 98 98 98 133 98 98 98 98 98 98 98 98 98 98 98 98 98 110 98 98 98 98 84 86 87 98 98 110 204 219 
219 219 219 219 182 98 98 98 98 98 98 98 84 87 98 133 98 98 98 98 98 116 115 116 98 98 98 98 84 86 87 98 98 98 98 98 98 98 98 186 219 219 
219 219 219 219 219 182 98 116 115 116 98 98 98 98 98 84 87 98 98 98 98 134 133 134 98 98 98 98 98 98 98 98 98 98 98 98 98 98 144 204 219 219 
219 219 219 219 219 98 98 134 133 134 98 98 98 98 98 98 98 98 84 87 98 98 133 98 98 84 87 98 98 98 98 98 98 98 98 98 98 186 187 219 219 219 
219 219 219 219 98 98 98 98 133 98 98 84 87 98 110 98 98 98 98 98 98 98 133 98 98 98 98 84 87 98 98 98 98 98 116 115 116 204 219 219 219 219 
219 219 219 98 98 98 98 98 133 98 98 98 98 84 87 98 98 98 98 98 98 98 133 98 98 98 98 98 98 84 86 87 98 98 134 133 134 98 219 219 219 219 
219 98 98 98 98 98 98 98 133 98 98 98 98 98 98 98 98 98 110 98 98 98 133 98 98 98 98 98 98 98 98 98 98 98 98 133 98 98 98 219 219 219 
219 98 98 110 98 98 84 86 87 98 98 98 98 98 98 98 98 84 86 87 98 84 87 98 98 98 98 98 98 98 98 110 98 98 98 133 98 98 98 98 98 219 
219 98 84 87 98 98 98 98 98 98 98 98 98 116 115 116 98 98 98 98 98 98 98 98 84 87 116 115 116 98 84 86 87 98 98 133 98 98 98 98 98 219 
219 98 98 98 98 98 98 98 98 98 98 98 98 134 133 134 98 98 98 98 98 98 98 98 98 98 134 133 134 98 98 98 98 98 98 133 98 98 98 98 144 219 
219 144 98 98 98 84 87 98 98 98 98 98 98 98 133 98 98 98 98 98 98 98 98 98 98 98 98 133 98 98 98 98 98 98 84 86 87 98 98 144 144 219 
219 162 163 98 98 98 98 98 98 98 98 98 98 98 133 98 98 98 98 98 98 98 98 98 98 98 98 133 98 98 98 98 98 98 98 98 98 98 98 186 162 219 
180 180 181 182 98 98 98 98 98 98 98 98 98 98 133 98 98 98 98 98 98 98 98 98 98 98 186 162 182 98 98 98 98 98 98 98 98 98 186 188 180 180 
216 198 199 200 182 98 98 98 98 98 98 98 98 98 133 98 98 98 98 98 98 98 98 98 98 186 188 180 200 182 98 98 98 98 98 98 98 186 188 206 216 216 
216 216 217 218 200 162 162 162 162 162 162 162 162 162 162 162 162 162 162 162 162 162 162 162 162 188 206 216 218 200 162 162 162 162 162 162 162 188 206 216 216 216 
216 216 216 216 199 210 219 219 219 219 219 219 219 219 219 219 219 219 219 219 219 219 219 219 205 206 216 216 216 199 210 219 219 219 219 219 205 206 216 216 216 216 
216 216 216 216 216 218 210 219 219 219 219 219 219 219 219 219 219 219 219 219 219 219 219 205 206 216 216 216 216 216 199 210 219 219 219 205 206 216 216 216 216 216 
216 216 216 216 216 208 199 210 219 219 219 219 219 219 219 219 219 219 219 219 219 219 205 206 216 216 216 216 216 216 216 199 210 219 205 206 216 216 216 216 216 216 
216 216 216 216 216 216 208 199 210 219 219 219 219 219 219 219 219 219 219 219 219 205 206 216 216 216 216 216 216 216 216 216 199 190 206 216 216 216 216 216 216 216 
216 216 216 216 216 216 208 208 199 210 219 219 219 219 219 219 219 219 219 219 205 206 216 216 216 216 216 216 216 216 216 216 216 216 216 216 216 216 216 216 216 216 
216 216 216 216 216 216 216 208 208 199 210 219 219 219 219 219 219 219 219 205 206 216 216 216 216 216 216 216 216 216 216 216 216 216 216 216 216 216 216 216 216 216 
216 216 216 216 216 216 216 216 208 208 199 210 219 219 219 219 219 219 205 206 216 216 216 216 216 216 216 216 216 216 216 216 216 216 216 216 216 216 216 216 216 216 
216 216 216 216 216 216 216 216 216 208 208 199 210 219 219 219 219 205 206 216 216 216 216 216 216 216 216 216 216 216 216 216 216 216 216 216 216 216 216 216 216 216 
216 216 216 216 216 216 216 216 216 216 208 208 199 210 219 219 205 206 216 216 216 216 216 216 216 216 216 216 216 216 216 216 216 216 216 216 216 216 216 216 216 216 
216 216 216 216 216 216 216 216 216 216 216 208 208 199 210 205 206 216 216 216 216 216 216 216 216 216 216 216 216 216 216 216 216 216 216 216 216 216 216 216 216 216 
216 216 216 216 216 216 216 216 216 216 216 216 208 216 199 206 216 216 216 216 216 216 216 216 216 216 216 216 216 216 216 216 216 216 216 216 216 216 216 216 216 216 
216 216 216 216 216 216 216 216 216 216 216 216 216 216 216 216 216 216 216 216 216 216 216 216 216 216 216 216 216 216 216 216 216 216 216 216 216 216 216 216 216 216 
216 216 216 216 216 216 216 216 216 216 216 216 216 216 216 216 216 216 216 216 216 216 216 216 216 216 216 216 216 216 216 216 216 216 216 216 216 216 216 216 216 216 
216 216 216 216 216 216 216 216 216 216 216 216 216 216 216 216 216 216 216 216 216 216 216 216 216 216 216 216 216 216 216 216 216 216 216 216 216 216 216 216 216 216 
216 216 216 216 216 216 216 216 216 216 216 216 216 216 216 216 216 216 216 216 216 216 216 216 216 216 216 216 216 216 216 216 216 216 216 216 216 216 216 216 216 216 
216 216 216 216 216 216 216 216 216 216 216 216 216 216 216 216 216 216 216 216 216 216 216 216 216 216 216 216 216 216 216 216 216 216 216 216 216 216 216 216 216 216 
216 216 216 216 216 216 216 216 216 216 216 216 216 216 216 216 216 216 216 216 216 216 216 216 216 216 216 216 216 216 216 216 216 216 216 216 216 216 216 216 216 216 
216 216 216 216 216 216 216 216 216 216 216 216 216 216 216 216 216 216 216 216 216 216 216 216 216 216 216 216 216 216 216 216 216 216 216 216 216 216 216 216 216 216 
216 216 216 216 216 216 216 216 216 216 216 216 216 216 216 216 216 216 216 216 216 216 216 216 216 216 216 216 216 216 216 216 216 216 216 216 216 216 216 216 216 216 
219 219 219 219 219 219 219 219 219 219 219 219 219 219 219 219 219 219 219 219 219 219 219 219 219 219 219 219 219 219 219 219 219 219 219 219 219 219 219 219 219 219 
219 98 98 98 98 98 98 98 98 98 98 98 98 98 98 98 98 98 98 98 98 98 98 98 98 98 98 98 98 98 98 98 98 98 98 98 98 98 98 98 98 219 
219 98 98 98 98 98 98 98 98 98 98 98 98 98 98 98 98 98 98 98 98 98 98 98 98 98 98 98 98 98 98 98 98 98 98 98 98 98 98 98 98 219 
219 98 98 98 98 98 98 98 98 98 98 98 98 98 98 98 98 98 98 98 98 98 98 98 98 98 98 98 98 98 98 98 98 98 98 98 98 98 98 98 98 219 
219 98 98 98 98 98 98 98 98 98 98 98 98 98 98 98 98 98 98 98 98 98 98 98 98 98 98 98 98 98 98 98 98 98 98 98 98 98 98 98 98 219 
219 98 98 98 98 98 98 98 98 98 98 98 98 98 98 98 98 98 98 98 98 98 98 98 98 98 98 98 98 98 98 98 98 98 98 98 98 98 98 98 98 219 
219 98 98 98 98 98 98 98 98 98 98 98 98 98 98 98 98 98 98 98 98 98 98 98 98 98 98 98 98 98 98 98 98 98 98 98 98 98 98 98 98 219 
219 98 98 98 98 98 98 98 98 98 98 98 98 98 98 98 98 98 98 98 98 98 98 98 98 98 98 98 98 98 98 98 98 98 98 98 98 98 98 98 98 219 
219 98 98 98 98 98 98 98 98 98 98 98 98 98 98 98 98 98 98 98 98 98 98 98 98 98 98 98 98 98 98 98 98 98 98 98 98 98 98 98 98 219 
219 98 98 98 98 98 98 98 98 98 98 98 98 98 98 98 98 98 98 98 98 98 98 98 98 98 98 98 98 98 98 98 98 98 98 98 98 98 98 98 98 219 
219 98 98 98 98 98 98 98 98 98 98 98 98 98 98 98 98 98 98 98 98 98 98 98 98 98 98 98 98 98 98 98 98 98 98 98 98 98 98 98 98 219 
219 98 98 98 98 98 98 98 98 98 98 98 98 98 98 98 98 98 98 98 98 98 98 98 98 98 98 98 98 98 98 98 98 98 98 98 98 98 98 98 98 219 
219 98 98 98 98 98 98 98 98 98 98 98 98 98 98 98 98 98 98 98 98 98 98 98 98 98 98 98 98 98 98 98 98 98 98 98 98 98 98 98 98 219 
219 98 98 98 98 98 98 98 98 98 98 98 98 98 98 98 98 98 98 98 98 98 98 98 98 98 98 98 98 98 98 98 98 98 98 98 98 98 98 98 98 219 
219 98 98 98 98 98 98 98 98 98 98 98 98 98 98 98 98 98 98 98 98 98 98 98 98 98 98 98 98 98 98 98 98 98 98 98 98 98 98 98 98 219 
219 98 98 98 98 98 98 98 98 98 98 98 98 98 98 98 98 98 98 98 98 98 98 98 98 98 98 98 98 98 98 98 98 98 98 98 98 98 98 98 98 219 
219 98 98 98 98 98 98 98 98 98 98 98 98 98 98 98 98 98 98 98 98 98 98 98 98 98 98 98 98 98 98 98 98 98 98 98 98 98 98 98 98 219 
219 98 98 98 98 98 98 98 98 98 98 98 98 98 98 98 98 98 98 98 98 98 98 98 98 98 98 98 98 98 98 98 98 98 98 98 98 98 98 98 98 219 
219 98 98 98 98 98 98 98 98 98 98 98 98 98 98 98 98 98 98 98 98 98 98 98 98 98 98 98 98 98 98 98 98 98 98 98 98 98 98 98 98 219 
219 98 98 98 98 98 98 98 98 98 98 98 98 98 98 98 98 98 98 98 98 98 98 98 98 98 98 98 98 98 98 98 98 98 98 98 98 98 98 98 98 219 
219 219 219 219 219 219 219 219 219 219 219 219 219 219 219 219 219 219 219 219 219 219 219 219 219 219 219 219 219 219 219 219 219 219 219 219 219 219 219 219 219 219 
